100 100 3
27 72 88 42 48 71 58 10 63 53 59 59 33 72 41 89 79 4 42 8 54 5 48 59 4 60 70 98 33 54 62 92 64 22 84 80 45 43 80 54 29 83 50 42 84 7 67 5 7 55 16 79 49 46 23 6 53 89 68 69 65 12 78 6 51 52 56 14 80 16 47 100 74 96 73 78 72 69 69 46 22 48 91 49 89 24 63 39 73 84 33 29 99 81 83 3 59 69 41 96
92 65 32 7 47 9 7 30 49 62 63 6 38 100 86 26 97 40 94 85 72 9 86 88 96 93 44 75 77 0 37 21 98 9 76 52 33 96 1 62 39 99 11 49 29 23 36 93 96 33 71 14 13 80 65 4 69 70 41 32 45 33 11 18 10 33 14 64 33 36 34 26 66 34 39 65 89 16 21 77 35 100 97 83 11 90 91 8 91 100 3 76 15 60 17 10 30 91 31 39
38 62 69 55 20 79 97 42 59 81 40 47 6 58 5 84 27 77 32 88 10 9 79 73 60 5 24 43 84 13 74 89 82 47 69 62 15 52 50 46 26 26 15 25 3 77 79 30 15 83 93 88 30 93 82 96 42 24 8 10 58 44 16 83 92 70 38 75 40 41 89 15 6 46 10 60 47 72 89 16 76 57 14 69 29 62 97 73 42 17 35 65 7 4 49 71 49 98 39 33
1 64 58 38 96 74 70 35 74 61 97 59 75 13 21 31 53 9 49 86 66 46 78 98 53 58 5 55 64 8 65 64 73 90 19 54 7 54 36 68 98 74 71 47 79 10 60 13 29 18 81 52 35 31 54 70 39 12 5 71 80 68 80 44 84 13 86 87 76 14 70 0 96 38 82 8 72 0 51 46 63 24 37 55 81 62 81 64 63 74 8 74 94 6 52 2 23 83 36 86
12 43 69 19 47 67 70 12 11 48 45 55 18 69 33 45 71 62 99 33 69 4 75 46 22 40 24 62 83 65 75 85 18 53 90 16 70 95 36 4 18 18 85 90 87 51 52 62 54 2 44 37 7 66 26 10 86 55 89 0 54 24 51 26 93 39 55 17 83 83 56 78 72 94 14 97 87 57 93 27 68 41 31 64 66 38 79 38 95 92 63 19 47 13 10 90 42 70 51 95
95 51 94 66 2 17 63 22 85 92 26 86 83 43 17 80 15 70 57 13 98 72 87 58 97 23 31 69 10 89 68 2 49 72 7 56 64 28 24 33 38 41 69 75 15 12 62 49 96 32 64 2 2 73 93 23 69 38 20 12 17 65 50 93 8 87 41 60 4 56 61 0 4 89 78 89 63 45 89 45 3 1 36 1 67 66 83 87 47 34 94 4 94 41 55 88 40 87 35 56
83 76 47 72 22 58 71 71 12 19 14 13 0 58 76 40 80 88 28 82 82 51 47 21 84 89 60 77 25 76 98 89 72 89 79 13 77 77 38 25 56 27 26 10 75 50 60 55 3 28 41 63 31 68 52 74 54 65 80 55 100 70 16 71 7 79 48 66 74 1 89 46 80 10 32 36 72 7 20 84 70 73 79 83 51 5 55 81 13 44 38 12 16 49 70 43 19 97 87 83
50 76 52 27 50 43 43 21 14 81 91 23 69 82 2 44 42 36 40 22 3 61 38 56 35 77 40 0 73 2 99 75 72 58 88 87 10 63 79 70 41 83 0 16 44 43 43 38 70 1 97 70 77 28 95 4 10 8 24 61 16 37 50 27 4 84 9 66 72 81 34 32 70 57 54 11 9 53 52 34 8 78 21 41 88 12 12 53 78 95 97 71 41 57 71 43 60 91 64 76
15 39 61 68 23 56 42 52 1 75 45 62 3 41 77 41 43 80 27 48 0 6 92 87 95 88 66 92 66 58 39 31 71 19 19 49 32 48 80 96 20 22 68 48 30 45 48 11 42 46 42 31 9 20 2 56 58 50 60 44 28 84 75 26 69 97 61 10 98 77 23 78 60 85 61 49 15 44 27 76 79 0 51 30 52 50 99 43 37 62 87 72 29 8 11 60 100 95 73 3
34 30 49 69 77 44 36 53 59 5 33 40 65 19 86 40 37 99 98 22 64 14 73 83 71 20 72 64 82 25 100 57 16 1 26 88 13 14 62 71 36 44 34 3 16 37 12 8 18 9 68 67 44 52 46 97 93 79 49 7 80 16 72 20 12 87 48 59 10 93 79 41 0 71 75 13 65 99 16 5 93 35 42 85 25 66 55 84 16 35 14 44 9 86 7 75 48 48 8 53
92 60 40 85 44 11 53 51 89 76 18 37 93 25 36 81 32 19 84 19 26 95 67 27 55 87 6 72 70 27 89 9 22 94 82 12 87 46 36 58 63 23 70 36 100 67 67 86 16 60 59 85 88 2 8 74 23 67 89 33 97 55 13 10 83 13 19 54 95 88 4 56 45 92 27 60 18 46 79 33 76 65 44 48 47 95 100 73 30 86 28 53 82 33 51 44 57 39 100 74
36 78 85 68 36 96 59 90 10 92 71 92 64 14 78 98 10 46 95 87 15 60 69 60 14 45 16 60 38 10 86 69 10 47 57 2 98 20 13 83 51 10 79 30 56 40 28 5 48 16 46 4 92 76 1 38 9 34 94 9 79 3 60 97 97 6 3 85 89 75 10 27 60 44 18 43 13 89 64 9 68 29 75 57 2 58 70 30 27 0 71 22 23 40 64 50 64 1 54 40
48 8 4 57 88 76 26 100 76 78 66 79 43 51 44 26 19 75 61 56 74 1 13 47 24 3 28 47 44 15 61 29 86 50 28 90 61 27 56 36 21 46 71 69 34 68 10 92 69 2 43 27 100 81 49 94 59 97 33 43 91 94 65 20 34 34 93 92 84 61 48 83 8 97 28 52 61 15 9 0 59 15 83 62 69 66 34 33 92 69 48 60 98 66 44 41 46 82 6 97
57 11 73 77 69 84 25 29 15 98 6 1 33 4 81 100 15 60 35 42 48 47 45 34 4 18 88 21 76 62 94 4 47 53 26 98 15 59 14 76 23 49 60 64 84 61 25 33 96 83 51 92 12 65 34 18 92 100 36 12 75 93 9 85 23 56 48 50 67 44 78 13 36 30 16 91 60 25 4 64 74 99 82 36 98 47 98 48 96 45 53 61 3 16 8 35 2 82 62 86
99 15 20 0 61 40 73 82 80 60 81 36 97 4 8 55 83 56 81 23 87 57 19 96 47 3 2 94 32 33 25 95 7 27 89 78 6 60 72 85 1 70 51 25 91 61 47 60 12 71 17 16 22 77 33 0 0 45 99 84 6 42 65 82 62 22 97 98 62 11 7 19 70 65 20 95 90 76 4 73 66 25 56 95 36 45 74 67 64 65 5 34 61 72 51 80 32 50 66 40
69 11 45 46 93 19 53 51 2 52 71 65 86 23 8 87 39 29 56 50 92 95 74 65 52 77 64 86 69 56 87 91 85 15 46 6 100 13 92 62 62 30 38 95 25 68 17 44 33 6 26 89 35 51 44 58 72 19 51 53 88 73 10 4 10 62 91 71 82 31 92 32 59 53 29 82 16 92 33 68 18 78 62 82 98 45 26 56 1 97 76 24 78 50 95 18 47 77 0 22
30 12 86 90 82 10 60 17 56 8 10 72 71 76 58 26 2 65 62 30 8 62 79 35 91 77 99 24 21 57 49 28 74 77 98 95 57 58 4 67 22 98 4 58 6 81 60 54 0 30 7 31 54 80 8 78 31 62 77 13 5 54 22 60 21 23 92 72 99 91 85 42 99 0 2 93 18 68 48 76 85 13 43 98 94 65 46 63 3 35 48 93 81 69 60 17 53 74 6 85
19 55 94 24 5 60 28 69 42 59 89 36 2 6 55 36 89 42 73 60 90 43 39 24 15 53 31 31 58 23 32 46 84 97 72 94 2 12 41 29 28 93 36 67 40 35 88 78 18 52 90 77 64 57 33 52 1 16 68 81 10 44 45 87 62 67 37 39 62 65 3 47 81 60 51 91 100 32 44 87 77 10 0 96 68 21 99 73 86 34 13 39 4 3 36 10 25 12 50 81
60 100 66 52 87 80 26 63 90 96 12 55 47 99 90 34 46 85 15 4 68 50 94 24 66 55 97 91 50 38 3 25 30 58 9 53 18 86 39 66 62 72 63 2 28 48 65 98 39 12 66 55 14 75 35 1 53 75 23 37 35 21 100 26 10 48 63 39 84 66 60 59 86 37 41 96 83 95 38 73 84 54 93 72 37 17 61 54 28 44 61 58 23 73 81 35 25 57 78 35
64 100 30 54 34 80 98 35 58 47 12 100 42 87 68 29 69 6 27 66 39 79 8 17 13 100 77 2 80 94 1 80 84 23 93 17 5 94 35 76 75 15 9 7 92 80 40 33 42 86 12 0 11 66 99 49 13 82 90 23 99 69 43 73 90 93 61 40 41 75 74 81 16 29 3 48 14 37 47 9 71 70 87 65 4 53 45 30 59 97 21 46 45 87 64 67 82 81 14 62
57 30 51 81 59 66 95 71 68 58 68 26 98 19 68 49 97 61 8 4 14 9 24 28 90 29 45 20 85 19 37 66 53 21 50 50 64 32 24 31 57 92 69 56 15 45 46 52 58 25 44 54 43 21 61 3 40 55 3 97 36 7 36 86 60 26 95 32 49 78 88 41 15 26 88 36 31 20 40 19 31 91 30 95 74 63 91 78 85 19 38 75 27 3 40 13 24 87 23 17
6 94 9 77 18 46 65 64 38 1 5 13 9 2 97 64 82 99 84 70 37 30 57 97 8 1 94 17 65 32 53 81 50 33 32 96 43 50 34 54 80 58 80 66 2 68 64 42 40 73 34 9 55 30 68 28 73 85 63 6 50 94 89 1 10 82 30 28 24 11 20 7 37 13 5 74 6 69 34 84 42 23 41 94 47 13 69 91 35 98 87 25 29 29 84 60 89 8 43 95
68 13 29 47 30 15 31 32 69 24 58 23 45 41 63 26 80 87 61 53 33 86 71 45 93 79 80 90 88 38 53 87 92 66 4 77 15 5 29 52 45 2 29 78 79 7 45 69 38 86 53 31 11 60 23 38 69 3 32 86 26 98 61 62 52 80 13 58 26 21 55 48 65 93 21 71 35 83 53 42 40 69 81 4 69 3 46 70 89 88 100 86 47 56 16 22 22 94 90 12
2 72 45 5 100 85 91 52 34 35 53 97 30 10 38 74 35 37 61 29 63 66 26 10 85 15 93 42 81 99 77 56 27 5 68 32 92 60 34 12 33 32 67 96 32 74 32 89 18 76 66 72 99 83 3 40 75 46 72 13 53 79 83 1 76 9 72 28 34 11 85 87 24 37 61 90 23 96 80 33 48 62 33 65 8 61 78 5 30 97 94 52 70 26 50 41 58 17 8 66
56 85 72 79 43 35 0 27 63 27 95 90 80 74 83 3 6 11 96 18 78 71 26 80 46 84 14 61 65 97 30 89 82 67 62 8 6 30 16 65 95 82 78 99 14 50 84 79 27 65 9 35 59 62 71 36 53 30 12 35 50 89 43 78 29 29 94 35 71 35 60 53 14 89 79 25 39 50 6 69 98 38 76 67 15 90 41 79 94 32 91 80 57 15 86 30 1 32 38 45
69 62 51 56 6 0 90 63 93 90 74 17 13 96 7 83 25 58 4 19 28 17 21 36 82 60 96 10 73 25 8 100 71 81 18 83 97 95 86 18 17 29 13 63 17 29 28 49 71 55 87 83 47 88 78 41 16 71 27 11 57 92 8 95 68 86 54 88 78 49 83 52 56 94 58 9 65 39 2 61 74 27 89 35 33 3 85 76 73 14 99 44 46 37 90 23 30 27 8 99
33 21 44 45 49 93 45 17 52 90 76 79 92 21 77 16 57 16 68 98 15 67 60 52 30 26 98 87 68 90 64 29 63 29 7 35 16 97 83 75 46 70 38 46 93 19 5 57 93 59 31 4 21 80 53 7 53 43 60 29 69 0 42 53 87 98 75 16 35 27 3 69 2 69 63 43 82 81 63 65 43 69 50 2 1 68 51 70 41 80 1 17 93 92 10 46 31 48 61 53
36 16 91 19 85 19 25 72 100 93 69 23 21 61 95 23 6 38 74 77 61 31 33 24 41 27 7 18 94 38 64 79 20 74 23 65 10 31 71 22 62 49 27 81 6 2 36 45 16 54 61 40 3 6 2 39 89 10 71 78 47 66 48 99 61 100 80 40 16 73 49 46 48 81 19 8 7 87 90 62 39 62 56 10 56 7 46 34 40 69 37 75 46 16 8 83 57 24 56 32
32 76 75 41 68 67 12 19 58 76 54 90 95 89 36 19 38 69 19 13 9 83 65 73 52 11 92 95 14 12 61 87 4 83 48 44 18 17 87 2 57 33 83 17 89 6 15 78 17 25 34 94 1 4 22 24 82 36 85 62 55 68 80 29 97 5 76 5 62 63 39 84 10 57 45 74 86 97 28 19 78 51 22 47 18 88 39 12 21 9 49 7 32 59 28 68 12 75 8 83
42 2 59 68 56 7 88 99 97 53 95 71 87 52 62 82 20 32 77 18 50 5 96 19 99 38 14 41 42 31 86 14 46 61 91 29 48 32 2 68 88 54 21 9 32 41 62 66 49 46 90 78 80 85 43 91 71 40 79 42 30 63 39 45 77 10 10 88 85 43 50 36 98 58 39 7 60 47 49 56 62 91 97 66 80 22 34 68 85 92 30 56 82 10 63 4 63 39 57 82
80 100 22 38 36 8 23 19 75 72 30 28 56 79 55 1 25 82 2 48 1 28 66 98 40 17 93 74 85 27 21 93 76 60 85 14 80 28 65 48 72 37 46 8 7 47 83 54 14 83 75 12 95 48 18 40 61 31 83 8 15 0 21 30 70 98 84 36 93 88 45 64 1 26 0 29 56 24 47 16 20 63 78 4 50 29 67 65 47 65 2 71 54 70 64 2 71 69 54 0
44 25 29 90 71 19 38 75 38 67 48 88 21 85 6 35 59 77 12 65 24 15 15 22 75 72 63 27 89 66 59 28 96 46 79 59 91 62 4 18 92 7 52 30 5 79 36 80 52 79 1 12 50 57 90 55 41 10 100 9 17 38 32 75 54 59 38 99 34 90 29 44 78 66 74 48 77 30 66 65 29 27 74 59 5 5 69 90 80 84 49 23 13 5 97 6 2 87 15 75
9 89 35 49 89 25 5 80 78 28 95 57 69 77 62 69 100 6 0 68 92 55 32 64 67 68 74 89 44 10 22 99 41 37 16 61 2 6 59 58 27 92 87 55 28 100 82 21 29 83 66 73 5 40 7 49 59 2 18 28 48 26 79 80 28 85 30 56 41 88 17 9 96 41 46 36 7 91 47 63 42 90 0 67 9 29 31 7 27 21 49 84 65 54 76 71 49 61 49 34
92 96 79 99 88 91 15 25 43 75 89 53 85 0 72 58 76 16 79 71 0 70 20 26 68 87 13 34 6 73 77 78 52 80 42 50 84 18 36 32 43 8 96 48 11 0 74 35 91 17 2 84 18 63 15 100 21 75 61 56 37 45 96 11 57 61 95 81 62 12 95 46 16 47 66 80 67 93 43 96 99 60 98 24 31 48 97 93 17 47 41 49 29 49 38 70 100 1 34 87
25 59 60 13 20 86 85 80 87 86 47 16 20 38 46 42 65 22 16 43 26 98 88 50 31 60 66 7 66 50 12 10 76 78 87 91 33 52 50 67 59 61 27 9 75 8 16 63 88 62 3 25 5 78 6 13 47 80 23 50 42 99 76 41 59 86 70 53 72 25 29 79 71 19 4 42 77 7 33 97 32 54 6 86 44 98 46 21 88 36 38 63 32 43 45 71 2 64 33 29
45 99 8 30 95 56 65 36 15 81 27 53 48 53 88 94 11 54 47 81 19 0 46 2 10 76 81 58 77 22 66 84 4 25 96 68 20 74 76 38 16 9 77 15 59 63 5 52 30 38 3 3 32 48 36 23 29 83 46 48 84 85 95 65 52 87 32 29 44 62 43 82 73 65 55 95 51 56 80 59 57 58 2 15 34 50 39 18 88 50 22 59 44 50 44 7 96 36 70 8
93 57 54 45 23 56 62 30 19 81 0 3 91 80 19 46 44 14 86 13 12 60 44 62 86 37 15 13 65 60 66 26 50 72 3 1 62 48 74 97 80 8 59 62 31 33 55 15 45 63 1 66 42 9 6 71 76 68 29 70 100 88 85 78 8 24 59 72 0 100 75 11 77 38 16 39 9 96 81 93 62 21 48 83 4 48 94 84 40 74 18 86 12 75 68 10 12 81 4 21
60 18 82 63 21 18 97 87 31 44 79 26 52 54 22 33 73 82 12 91 83 83 60 11 7 30 30 75 58 8 79 23 26 34 44 43 94 58 51 22 85 39 49 44 87 88 32 93 14 35 47 34 34 5 45 78 85 58 95 33 1 65 12 97 3 69 41 60 29 1 95 75 40 53 37 1 92 12 54 69 58 89 41 13 89 2 57 21 24 25 55 67 57 46 26 83 25 56 62 57
76 99 70 26 86 41 35 42 20 0 13 91 51 46 19 49 91 55 9 95 17 69 63 85 15 62 19 12 86 43 88 82 8 12 99 58 77 91 81 9 15 45 35 44 16 20 84 54 79 77 80 0 54 51 7 48 50 61 6 59 24 12 41 20 28 84 7 29 17 95 87 47 83 59 1 69 20 46 89 93 25 53 18 65 0 88 29 5 15 49 9 99 43 5 54 39 95 23 95 80
39 70 78 58 95 31 96 75 31 48 33 7 12 48 69 17 10 2 90 57 25 33 52 73 52 2 74 95 21 3 24 62 21 56 30 80 10 81 64 65 15 25 58 49 51 45 12 74 87 75 11 17 11 59 17 88 18 24 37 97 93 13 1 91 10 20 29 30 91 63 44 19 20 18 87 93 47 93 77 82 97 47 11 74 7 64 4 90 92 44 12 76 21 51 36 29 44 99 19 45
97 31 98 37 40 8 100 22 47 97 55 77 5 96 46 75 8 94 77 46 46 44 91 84 51 22 75 36 63 57 17 93 50 57 4 22 94 80 72 51 55 6 12 90 82 22 19 70 88 98 86 27 90 15 11 12 60 81 32 0 33 89 47 6 75 82 63 1 6 49 46 44 72 81 14 17 29 15 93 30 10 1 20 42 34 68 63 87 44 50 67 97 29 10 73 79 27 86 80 56
46 3 43 13 56 44 31 32 64 73 10 11 43 78 86 44 0 31 88 48 90 81 17 28 30 79 66 85 89 41 14 13 33 0 81 2 28 2 70 5 91 79 41 82 27 99 79 89 90 81 41 28 93 78 60 54 62 25 99 5 33 50 88 10 33 63 46 13 99 43 31 41 46 35 7 1 64 57 15 8 64 36 79 27 65 20 18 20 68 63 31 46 84 34 88 91 46 75 25 100
20 17 89 100 69 18 35 70 8 20 89 26 23 38 94 84 86 56 80 4 0 57 34 0 28 96 38 22 12 68 50 5 22 75 54 83 95 32 35 37 15 97 28 82 98 77 80 66 73 57 58 81 76 53 95 25 51 78 30 25 44 60 14 90 59 95 37 84 39 28 73 80 3 2 76 90 79 3 21 39 47 92 42 45 13 72 13 26 37 13 38 99 46 39 38 53 99 24 4 57
60 10 84 90 57 13 82 90 63 51 11 78 65 14 0 87 50 39 67 70 42 27 29 6 63 48 11 28 53 6 78 20 84 53 68 71 61 64 63 90 50 37 3 92 5 2 88 38 97 47 90 14 44 51 76 48 19 90 76 93 48 32 67 53 27 2 81 62 95 52 45 95 63 71 62 53 68 60 45 30 14 34 62 82 74 22 24 86 13 55 99 42 88 95 31 27 69 36 35 93
99 26 93 41 17 70 42 6 46 25 63 50 20 91 88 35 0 28 87 87 49 43 88 36 84 21 32 64 22 10 8 1 49 23 33 62 46 35 56 46 15 12 16 37 44 58 31 24 33 78 35 47 28 72 50 12 0 18 31 58 88 100 74 35 34 57 87 95 6 96 32 26 14 95 84 12 30 83 96 58 79 9 6 69 26 73 96 4 93 7 68 44 10 79 21 29 70 12 94 89
74 30 87 61 81 5 7 60 86 34 4 19 76 77 89 20 14 78 15 95 97 10 31 10 21 18 50 40 41 58 18 98 74 63 77 90 72 63 96 29 73 3 7 29 76 83 81 28 3 53 57 71 55 4 10 14 72 24 85 77 29 94 47 53 47 21 63 33 75 68 23 87 81 52 65 32 89 44 76 7 60 28 95 15 97 55 72 19 68 79 100 91 2 64 13 61 29 12 14 35
15 12 43 91 36 75 70 48 54 95 80 57 11 48 23 15 68 14 95 19 61 98 59 82 83 33 21 7 92 66 45 65 47 64 69 51 52 95 22 92 61 6 18 56 92 50 53 87 50 65 48 33 9 2 19 39 9 55 1 22 43 24 54 74 19 59 15 95 36 84 21 22 27 25 28 13 29 5 59 3 15 80 73 77 14 41 80 9 54 57 35 13 82 26 95 100 53 95 44 59
75 15 54 8 76 80 56 30 79 32 11 55 4 75 68 30 40 38 4 10 67 84 44 33 78 2 6 97 81 0 85 87 81 75 52 40 14 54 84 55 52 64 52 30 49 3 54 17 0 25 49 9 29 50 70 0 92 45 22 60 26 34 63 34 50 19 59 13 14 34 30 73 32 9 28 30 32 16 3 23 48 60 30 94 74 69 64 19 1 33 17 76 11 39 53 87 4 86 42 56
51 61 21 24 87 70 89 3 96 13 5 49 57 0 99 12 99 59 3 44 39 8 98 40 76 10 76 3 43 5 62 73 17 74 25 16 51 33 25 54 24 77 94 57 79 56 28 13 29 88 4 22 4 40 100 17 56 67 46 65 34 88 3 83 35 9 34 19 84 91 86 35 17 75 91 98 76 86 77 68 41 22 10 98 54 69 27 60 25 96 7 91 95 7 50 80 82 41 12 11
3 13 95 2 24 46 41 96 12 31 91 56 44 92 54 19 14 83 37 29 77 48 96 93 4 59 71 16 86 71 35 42 45 27 67 77 77 20 19 24 93 36 29 20 36 99 7 40 60 80 38 39 22 96 88 39 23 85 35 26 56 90 16 6 10 5 95 32 50 43 47 58 0 95 91 42 25 4 90 4 7 65 69 43 84 48 2 59 1 64 42 26 33 46 65 13 41 13 38 84
64 94 35 34 82 26 21 25 30 88 29 44 95 76 87 16 94 70 65 71 19 23 76 57 61 78 45 31 96 69 57 36 6 50 54 27 95 18 39 24 78 43 92 36 6 95 72 27 59 20 10 78 53 10 22 68 58 1 89 43 42 46 6 80 22 19 73 79 16 39 13 47 24 1 45 84 47 77 30 89 14 72 1 0 85 70 70 70 16 90 42 32 98 93 54 66 31 34 10 77
54 31 38 25 62 3 70 84 48 93 43 36 88 17 87 66 1 25 19 37 36 37 100 51 48 17 22 92 60 36 23 7 0 76 85 77 73 44 54 88 12 69 60 39 70 81 8 34 30 75 67 9 20 21 13 56 76 65 79 79 36 75 11 35 0 80 49 57 92 99 41 75 27 25 62 70 71 69 52 16 88 92 3 78 66 97 70 16 84 62 55 43 52 86 2 72 6 60 88 10
77 19 67 94 39 29 84 64 4 2 8 34 16 52 9 78 7 51 61 74 54 59 93 83 78 45 63 56 4 21 47 40 58 72 56 49 77 99 1 72 11 93 45 0 50 96 3 20 92 63 70 99 15 90 0 45 7 58 54 17 81 85 89 53 3 95 10 94 88 16 76 41 17 96 79 34 39 89 97 81 5 71 6 30 8 4 82 34 84 35 27 31 1 92 96 15 21 4 57 93
84 36 8 38 80 56 41 0 13 53 79 38 20 67 36 44 99 69 84 51 18 43 93 67 50 64 62 96 75 6 96 66 33 60 45 0 27 17 54 65 23 31 72 18 61 78 78 51 31 48 71 63 22 77 5 59 70 32 97 39 98 89 0 10 9 88 51 20 79 83 38 84 47 89 66 3 51 76 85 65 8 87 63 11 89 52 73 96 78 82 41 51 61 90 12 37 76 30 46 10
52 89 77 63 27 2 57 44 32 64 27 58 6 77 79 0 41 50 63 18 47 37 37 46 7 61 6 39 89 33 95 100 95 18 63 37 75 68 4 28 54 25 76 68 55 33 16 12 38 22 18 3 36 34 28 46 57 25 33 29 66 32 65 31 26 7 23 100 7 35 18 61 3 62 65 44 92 66 82 44 80 55 96 62 91 14 95 33 57 84 37 69 10 51 46 12 54 28 100 92
92 2 37 25 15 53 75 68 2 74 70 88 12 62 72 12 40 88 97 79 37 39 13 91 22 26 47 81 14 28 63 58 78 1 64 77 87 26 86 79 78 89 99 71 98 53 73 0 14 49 48 22 32 66 13 69 1 10 92 39 35 45 87 17 41 59 49 19 59 89 53 98 64 18 76 83 47 3 29 96 27 74 43 18 11 52 27 36 31 19 49 79 99 58 33 32 100 86 69 71
97 5 22 34 95 36 79 39 97 15 56 48 65 40 80 75 68 98 26 28 5 29 11 54 3 38 70 55 6 46 6 49 86 54 36 45 16 61 0 13 26 75 2 11 38 53 30 13 2 92 85 27 66 81 20 2 61 39 74 74 13 93 90 71 15 74 69 31 80 63 52 6 0 19 29 71 49 75 47 42 49 18 87 26 7 41 74 66 19 3 54 76 30 31 39 79 33 87 11 23
88 31 15 0 42 24 87 52 61 0 31 76 23 83 4 98 33 4 68 36 19 48 41 96 38 99 87 16 51 42 91 74 93 32 96 13 29 51 60 24 27 10 81 77 24 58 56 28 55 48 88 39 4 23 59 91 31 89 24 25 1 49 96 70 51 94 86 66 4 89 85 16 18 34 10 27 78 21 33 60 64 99 42 7 9 32 95 18 43 41 61 62 93 90 79 33 12 14 25 76
79 78 33 14 31 63 22 84 27 73 75 85 79 90 86 60 49 22 44 12 6 1 80 80 47 12 49 58 54 91 70 52 28 63 66 100 1 85 59 92 9 81 73 36 85 46 83 12 10 52 50 59 0 0 65 45 3 62 46 96 23 87 97 81 51 17 97 5 54 26 96 3 63 77 95 23 40 94 81 39 56 52 62 17 54 16 49 48 47 34 63 99 81 80 17 61 45 38 57 25
41 74 34 28 54 19 59 79 64 17 35 46 17 38 91 56 16 16 75 79 45 38 68 100 72 16 58 21 3 9 54 51 73 68 100 96 47 93 55 17 54 77 74 54 68 33 80 13 88 45 84 58 54 57 97 32 73 22 45 7 72 35 4 25 0 24 12 9 98 12 26 32 60 10 13 78 36 41 7 98 3 29 68 34 83 59 100 20 36 99 61 50 33 91 19 81 39 63 56 23
41 53 43 97 85 22 98 97 38 25 10 40 32 33 5 15 46 48 21 71 17 97 46 18 45 56 38 82 28 7 7 58 4 96 2 0 32 4 45 26 7 95 13 8 12 50 69 63 73 41 44 2 24 0 89 76 5 74 45 16 28 4 23 8 69 36 70 9 69 28 44 64 58 36 41 50 97 30 95 1 0 96 88 23 54 13 59 9 37 50 81 33 76 90 59 10 1 97 6 44
57 27 43 12 10 27 29 1 24 87 51 12 18 91 24 57 76 98 5 80 87 55 26 37 71 73 52 58 29 90 1 63 82 4 98 50 77 11 83 33 6 15 69 17 66 25 38 5 98 1 88 58 4 96 8 56 71 13 64 6 42 90 37 25 27 74 79 55 34 19 13 92 26 86 14 8 19 10 45 32 94 54 7 0 46 91 62 57 83 78 21 86 25 93 75 63 33 36 63 72
31 34 3 96 26 88 25 73 35 53 83 47 30 69 26 58 34 73 9 83 10 5 99 90 6 14 99 19 22 65 25 17 49 75 8 68 80 37 93 0 46 18 49 35 77 39 77 69 67 47 12 22 11 85 17 1 19 32 21 32 3 22 9 17 4 74 61 28 39 25 88 59 50 54 31 84 43 18 52 82 22 4 80 1 14 98 46 20 18 49 32 55 13 0 66 2 97 17 33 4
33 96 44 7 2 27 78 78 100 100 48 19 17 9 85 27 83 41 36 22 11 2 69 23 6 95 95 81 60 36 12 49 29 97 40 23 96 35 94 43 28 51 35 56 27 29 3 37 5 12 74 20 77 33 68 35 14 6 75 73 25 91 52 49 71 43 15 46 85 70 41 57 100 35 41 13 81 35 21 28 80 94 36 75 74 5 74 47 59 22 56 84 50 3 75 87 38 27 53 13
98 94 50 21 96 38 38 48 4 1 35 42 22 46 42 15 88 95 50 81 25 77 100 38 95 94 78 42 95 80 9 74 12 37 31 44 33 88 5 53 81 26 13 58 57 4 59 26 98 56 53 0 39 94 10 96 73 83 24 51 10 47 11 34 88 78 4 95 49 46 62 28 25 59 82 23 21 88 89 69 33 2 62 46 31 46 74 3 97 15 75 83 46 34 5 96 72 8 15 85
14 35 22 20 25 28 92 16 0 42 38 67 65 55 97 81 49 63 40 11 43 59 32 17 47 97 8 2 77 63 39 11 83 20 81 80 11 54 65 68 51 78 7 76 55 55 64 44 25 51 62 35 59 7 11 44 67 92 19 41 62 11 67 32 12 80 80 57 55 30 43 61 8 21 26 90 61 40 100 72 70 2 85 25 83 38 52 69 74 55 91 19 13 27 51 42 28 49 86 39
13 49 2 46 7 29 71 61 97 24 6 77 35 74 41 65 90 48 93 95 84 90 38 44 78 58 37 57 59 76 2 13 93 16 73 42 97 53 95 69 95 26 22 74 36 1 37 16 6 60 29 77 79 40 10 77 37 13 70 86 5 13 63 84 19 10 46 68 3 32 40 49 70 31 62 11 82 95 11 62 64 69 70 77 94 52 19 90 64 45 62 22 65 81 92 90 86 9 25 13
27 88 7 65 29 73 7 2 9 20 88 35 39 78 15 1 77 91 34 79 14 50 74 72 52 81 16 68 52 20 8 12 56 52 95 14 59 76 17 59 40 29 69 95 33 29 12 80 33 62 2 45 77 82 23 33 6 76 63 73 30 81 70 13 67 69 5 43 62 49 93 49 57 88 22 54 72 0 70 89 56 88 90 30 24 38 58 84 12 14 68 53 55 47 24 29 46 56 9 49
63 95 50 79 89 84 2 52 68 54 58 9 3 9 67 14 60 2 86 19 30 63 74 48 56 43 93 67 74 8 92 19 11 73 37 94 98 61 98 90 35 81 36 46 81 48 97 65 87 40 52 95 39 41 13 46 60 51 8 55 24 37 86 10 60 27 92 28 61 44 15 2 79 74 95 15 93 84 65 11 35 77 74 51 26 38 5 52 75 76 3 22 77 99 72 19 98 65 10 41
4 52 81 31 6 98 21 84 35 42 1 45 40 30 63 26 80 29 68 24 75 4 94 31 84 29 60 0 24 80 45 83 41 97 99 31 51 27 95 52 61 85 62 44 30 27 47 94 48 10 98 45 70 64 42 69 3 25 51 86 56 48 85 98 81 13 65 75 59 46 34 79 22 64 16 92 62 14 77 83 1 46 93 98 50 29 46 23 42 66 90 41 29 0 31 57 7 4 10 64
46 37 19 84 80 91 26 10 20 56 66 93 76 30 50 27 73 51 57 50 70 66 66 88 7 28 26 55 21 60 3 44 66 83 15 99 27 34 95 31 49 65 66 80 6 74 47 47 5 17 31 29 23 82 22 42 66 74 19 30 93 99 1 37 97 100 79 54 34 63 4 12 52 9 38 63 41 40 12 3 77 92 89 100 0 44 15 23 23 27 2 53 96 48 89 56 94 19 36 3
93 18 41 0 38 39 83 90 54 21 59 81 23 49 3 48 54 2 72 0 0 50 22 31 7 65 99 68 48 43 55 56 15 50 16 18 53 68 58 51 84 0 9 11 91 64 0 17 24 59 4 85 92 64 97 82 47 64 68 36 87 57 94 8 57 6 75 48 33 97 60 44 80 48 18 67 89 10 34 55 24 25 2 85 77 32 43 64 71 45 98 3 49 34 62 18 7 77 28 57
58 90 20 52 59 8 37 27 36 56 5 16 2 62 76 25 43 87 77 38 33 50 17 20 39 81 25 40 18 51 85 56 91 69 40 12 47 79 33 5 72 24 48 24 97 15 66 49 24 62 75 49 19 74 99 23 62 59 16 80 92 32 64 70 81 38 49 43 99 70 10 87 8 69 62 9 1 11 42 44 58 58 44 12 18 20 59 62 87 93 84 18 20 31 76 33 58 3 14 66
1 9 55 30 6 0 72 8 94 32 22 95 17 89 97 98 94 89 91 40 18 15 83 82 65 50 87 37 90 45 64 96 41 44 76 3 1 87 99 0 12 55 8 40 80 42 7 58 74 68 44 2 19 44 26 29 75 22 47 33 44 43 20 82 8 90 68 55 80 5 10 38 19 85 20 94 57 48 52 53 48 60 10 42 40 41 54 59 24 40 73 77 32 52 72 16 22 47 78 93
21 62 80 87 94 63 95 79 76 1 84 45 73 99 83 83 57 50 29 60 28 3 6 71 14 60 37 77 13 80 23 55 78 81 48 59 66 63 16 96 58 92 9 61 74 61 96 14 19 24 84 3 100 6 82 31 66 90 34 10 11 26 57 97 91 44 13 9 61 53 82 38 40 99 2 3 20 76 81 87 88 95 68 63 80 0 100 4 38 59 70 76 5 51 69 11 71 58 80 20
54 34 49 70 50 61 7 21 97 20 39 65 48 64 84 25 98 94 94 32 95 81 75 65 43 21 74 48 30 60 22 51 17 64 9 59 2 74 83 0 35 38 83 25 14 52 92 94 2 100 7 22 75 17 88 38 15 43 4 71 100 36 16 36 100 50 16 21 76 44 49 55 62 24 76 45 23 16 58 29 97 54 52 96 74 20 64 47 23 40 68 37 48 70 10 6 95 53 57 57
37 94 61 57 16 99 37 87 47 64 12 56 36 90 66 36 25 100 41 1 26 0 29 43 46 31 70 91 31 16 80 24 81 57 97 47 26 86 57 46 68 43 73 23 5 75 64 66 34 51 26 88 59 23 68 59 29 59 43 94 62 93 77 100 55 95 0 90 51 46 49 83 34 62 44 49 35 77 47 2 52 65 0 70 76 31 69 12 6 98 59 73 13 16 13 9 16 73 53 83
18 85 100 33 66 91 53 65 72 0 1 5 85 35 30 70 63 55 34 41 28 57 34 7 55 82 36 37 21 21 75 53 6 36 64 2 89 13 64 69 34 66 58 51 75 36 45 84 84 62 67 41 83 52 5 94 88 28 17 12 53 38 47 9 83 88 19 32 92 78 70 67 39 77 79 8 50 93 32 1 28 58 5 18 77 9 68 20 40 98 87 92 19 27 29 28 59 23 15 56
13 62 7 25 91 26 43 25 10 89 19 81 95 27 21 97 25 70 2 89 50 84 58 53 6 66 8 30 17 34 56 100 35 3 40 2 99 14 49 75 36 48 37 64 60 65 76 28 38 82 23 51 30 70 74 97 19 45 45 24 65 16 14 8 16 45 83 97 50 41 7 73 15 89 68 0 78 89 49 45 72 74 13 70 94 69 93 65 54 13 49 28 85 81 86 83 30 72 45 71
37 62 90 24 15 61 35 52 31 37 99 61 37 75 82 81 32 89 19 29 37 19 59 74 8 51 21 55 35 51 26 18 57 56 24 28 47 50 60 62 18 74 82 85 79 27 33 2 19 94 90 68 52 57 91 99 59 19 95 18 32 51 55 86 80 70 64 62 54 70 65 48 23 83 62 18 59 62 11 91 38 54 21 3 1 80 8 12 71 75 90 62 9 20 93 84 70 65 89 92
15 67 66 74 42 30 61 8 12 35 59 83 99 64 26 60 21 52 56 29 35 35 90 21 14 6 55 84 35 29 73 10 7 40 82 33 15 89 74 27 70 86 13 58 48 63 25 34 16 94 67 45 9 67 83 74 16 2 12 85 78 35 81 19 11 30 81 58 17 40 87 7 96 64 11 47 67 0 18 50 10 19 90 80 87 23 58 88 81 98 28 40 69 71 74 38 55 89 52 73
89 83 10 26 14 49 94 79 29 62 25 30 32 14 1 94 45 13 25 73 45 2 85 71 30 84 51 4 88 40 37 28 44 77 96 67 90 60 59 74 41 19 38 87 63 79 87 42 24 49 19 46 61 23 4 44 6 36 69 50 79 62 82 99 55 42 88 100 64 68 81 57 27 62 8 4 49 50 97 80 13 12 94 65 89 24 22 61 32 35 17 22 11 37 74 50 63 45 3 36
67 2 39 30 75 7 4 31 0 92 29 36 78 44 61 76 34 20 47 57 40 26 95 78 76 33 44 24 99 93 26 56 98 28 19 10 26 99 16 84 3 73 93 27 64 94 22 13 27 100 34 63 94 39 0 41 38 44 53 94 91 47 75 26 63 78 14 32 99 11 21 58 25 91 11 24 41 49 15 39 73 13 70 70 24 93 97 91 74 34 49 45 95 87 62 77 33 62 22 65
43 56 2 83 43 91 43 55 51 10 29 28 77 97 37 52 30 97 31 62 23 48 97 94 76 79 25 48 56 4 72 40 17 43 35 20 21 20 3 54 76 80 81 63 85 55 27 46 88 4 27 28 89 60 52 55 5 81 26 55 39 79 89 89 55 74 4 21 99 86 6 73 23 8 45 69 3 81 65 76 13 90 92 9 55 82 66 93 100 95 16 28 99 88 61 54 27 8 67 8
21 14 57 14 46 57 71 53 14 34 20 7 65 2 80 74 93 36 65 32 0 75 40 23 34 16 78 65 53 14 91 63 71 85 48 93 27 55 25 68 35 30 50 83 91 75 89 84 3 97 5 72 36 39 30 19 58 95 85 31 70 83 10 61 7 72 8 97 4 24 56 5 21 9 79 77 72 1 44 90 6 42 94 97 4 56 100 0 20 39 74 67 100 54 4 84 10 79 42 12
75 36 19 27 70 54 79 56 30 2 56 8 30 9 2 11 50 61 29 33 11 63 74 96 12 19 100 80 68 61 48 53 83 36 41 5 61 24 14 20 29 18 46 53 61 67 66 43 25 21 71 60 17 8 52 77 24 65 99 92 42 97 36 87 73 81 28 57 77 79 54 63 91 9 91 33 35 78 42 70 25 6 80 92 19 94 20 22 24 37 97 18 15 95 1 2 51 54 83 15
15 7 100 20 71 85 68 67 19 53 44 25 100 80 8 54 36 50 37 52 77 66 53 69 64 66 79 86 82 55 47 53 13 59 93 25 44 63 29 74 24 93 5 100 97 79 51 53 92 51 51 19 68 19 2 57 54 27 8 47 57 64 70 32 5 23 13 98 77 52 57 23 92 55 27 61 90 68 49 50 56 28 17 31 99 43 41 46 72 19 74 82 63 56 85 11 92 78 14 77
72 74 81 76 16 78 78 24 40 86 74 95 73 72 99 88 24 86 60 68 89 61 94 37 28 88 68 100 2 32 56 1 6 9 65 15 43 83 94 7 100 83 85 100 57 88 85 98 66 34 100 27 18 25 41 23 42 72 34 54 92 43 79 50 52 56 19 38 53 11 75 6 33 80 57 90 78 89 11 88 38 19 100 52 85 28 77 53 65 46 13 49 36 73 1 99 14 87 76 17
22 45 5 10 3 24 94 21 66 62 0 49 8 25 60 64 7 88 45 77 36 77 23 40 95 27 80 86 67 47 11 22 38 31 16 53 74 34 94 83 14 22 36 100 74 81 3 14 77 80 37 37 58 25 40 24 9 63 93 85 27 41 95 17 6 81 97 55 56 38 66 100 14 89 23 100 5 65 4 64 22 19 15 40 60 79 80 50 8 49 88 6 91 14 67 56 50 88 31 37
71 56 1 6 54 17 47 93 16 56 35 94 3 50 90 8 68 86 34 15 46 77 72 83 72 20 86 10 23 31 65 13 4 88 55 97 69 84 98 33 42 96 38 38 19 72 8 89 32 70 4 63 68 77 24 63 39 75 78 8 30 71 99 19 7 49 84 37 63 62 100 13 87 43 63 92 96 61 20 36 9 94 37 18 17 28 96 53 57 8 17 49 9 80 56 47 36 58 42 31
46 4 50 11 37 43 40 1 53 4 86 66 5 73 69 89 12 1 20 28 30 51 70 97 28 81 12 16 52 58 79 9 17 43 92 93 26 75 61 46 78 59 12 88 32 55 0 16 20 14 12 98 90 26 82 35 34 18 64 70 76 27 65 46 100 94 87 12 83 40 72 71 85 81 75 79 75 80 92 71 5 29 80 26 99 4 63 5 17 64 44 45 1 96 15 41 23 86 24 10
58 91 12 24 12 32 40 40 15 75 17 35 51 14 39 77 44 88 8 37 22 11 52 32 83 100 0 13 61 24 75 3 1 45 32 46 68 82 24 40 51 40 85 18 96 61 36 79 52 69 85 64 75 36 43 33 96 44 70 60 84 7 31 6 99 79 10 55 47 2 95 53 30 15 59 16 79 68 45 1 85 25 14 60 56 79 68 7 19 60 82 87 3 86 74 71 67 47 55 64
3 23 73 26 23 38 10 50 4 45 59 8 20 97 24 23 62 37 91 4 33 3 48 100 38 5 29 25 76 74 32 27 91 37 31 4 75 69 17 1 87 82 76 83 13 86 16 32 9 60 39 62 2 28 96 85 2 15 50 24 97 69 30 35 42 32 99 59 76 39 35 96 54 33 39 47 57 25 100 77 62 90 20 51 29 29 15 88 99 65 71 43 98 88 74 82 68 64 95 94
12 6 16 22 59 46 52 69 53 73 40 32 15 69 68 41 19 58 57 67 84 64 57 31 20 9 16 55 30 14 69 47 84 54 67 22 14 9 8 41 19 86 59 39 85 12 46 85 0 43 95 54 25 27 42 55 32 30 83 95 31 91 39 81 27 62 7 100 80 68 65 70 23 38 91 3 66 68 5 6 59 10 63 61 64 55 0 32 48 27 43 62 37 98 45 31 62 76 70 8
7 11 62 76 89 61 58 93 18 58 38 33 24 32 92 16 11 81 50 92 40 85 28 34 67 66 38 98 59 44 13 5 79 95 34 30 90 98 100 64 89 87 83 59 3 14 30 19 76 52 36 12 13 43 71 68 4 77 44 35 86 8 4 53 78 94 33 70 84 84 73 23 64 2 52 69 54 75 13 73 5 47 46 66 28 4 56 12 91 21 20 18 95 70 38 95 21 79 18 29
23 98 71 81 61 66 58 77 98 46 53 75 82 49 48 82 26 14 22 45 32 88 93 25 58 10 46 68 89 45 25 27 35 52 1 78 83 18 87 72 15 19 38 90 83 81 47 60 24 23 36 36 11 94 34 41 87 90 6 63 72 44 10 27 20 100 70 21 15 24 38 49 79 31 7 53 36 43 39 46 13 48 95 38 78 0 36 36 61 96 100 30 37 48 86 42 70 92 99 78
11 81 38 1 92 89 45 5 95 69 46 77 51 91 78 54 3 79 35 0 81 9 13 43 20 94 77 40 18 67 74 50 7 76 11 96 99 68 43 61 77 31 99 78 71 93 77 2 62 86 62 38 15 55 93 18 40 21 80 10 100 41 64 62 39 31 64 78 10 99 19 67 3 77 92 84 54 39 5 83 71 1 99 13 73 97 28 37 49 29 34 33 17 15 50 73 65 1 77 45
45 72 98 98 88 71 60 45 84 34 2 28 43 55 88 22 90 41 5 89 2 88 63 46 65 83 79 14 96 95 68 74 29 9 55 79 60 66 64 20 47 14 42 71 87 87 60 38 44 100 3 35 86 13 94 3 31 56 47 54 14 25 21 61 29 95 96 13 29 29 2 90 1 70 69 7 91 38 28 39 89 89 77 6 25 44 64 49 48 82 87 51 74 52 16 97 4 27 44 52
18 15 47 62 95 79 41 5 97 66 100 54 79 68 45 86 52 12 53 16 9 93 82 45 45 96 43 91 90 17 52 66 69 79 48 87 29 54 76 44 86 78 38 80 40 86 32 100 94 37 33 63 57 44 37 36 7 24 70 62 92 97 85 62 88 36 12 11 45 57 12 5 88 66 69 64 35 51 20 17 62 7 37 36 7 71 47 27 43 56 56 80 46 86 87 55 52 100 6 83
64 61 31 75 92 90 61 5 67 100 57 72 76 30 12 81 84 0 46 1 18 86 0 18 33 56 14 56 27 55 30 16 97 61 2 50 43 71 31 76 9 69 10 0 100 79 55 93 24 35 52 29 41 37 4 86 95 76 57 11 53 1 2 79 96 30 18 66 51 18 18 97 3 22 77 88 88 69 40 21 96 91 54 59 97 40 96 100 96 94 22 52 100 37 7 91 13 34 85 26
0 0 0
0 1 0
0 0 0
